title,company,location,link
[전문연구요원] 상시,네이버,대한민국,https://kr.indeed.com/viewjob?jk=b79c2ae536063b01
[Search & Clova] Clova 체험형 인턴,네이버,대한민국,https://kr.indeed.com/viewjob?jk=b4b6ee0fd83b8ce1
[Search & Clova] Clova AI 인재,네이버,대한민국,https://kr.indeed.com/viewjob?jk=92bd400e3b5306ba
분석지원팀 - 데이터 분석가,Nexon,성남 분당구,https://kr.indeed.com/viewjob?jk=4233609a843b5e96
AI/빅데이터 분야 (인재 Pool),LG유플러스,서울,https://kr.indeed.com/viewjob?jk=fb617eeb80ea6fa9
"[데이터 분석 스타트업] UI/UX개발/고객행동분석 (Python, GA, Database)",온누리아이코리아,서울 금천구,https://kr.indeed.com/viewjob?jk=abeb2f106393ad76
소프트웨어 개발 지원,에스티앤아이,울산 중구,https://kr.indeed.com/viewjob?jk=af3289894364fa9d
(상시) 인공지능 플랫폼 전문가,에셋플러스자산운용,대한민국,https://kr.indeed.com/viewjob?jk=90d4b57f2e6a8484
Django/Python 웹 애플리케이션 구축/운영.,아이시큐어,서울 금천구,https://kr.indeed.com/viewjob?jk=9a7fded86539a87b
추천 시스템 연구/개발,카카오,성남 판교역,https://kr.indeed.com/viewjob?jk=be6c1f03fa566f8e
데이터 분석가,카카오,성남 판교역,https://kr.indeed.com/viewjob?jk=092d062a6faa7139
"소형, 제조혁신센터 경력",삼성SDI,대한민국,https://kr.indeed.com/viewjob?jk=89c6e7215f9d20b5
"[Search & Clova] Entity Linking, Keyword Extraction (NLP) 경력사원",네이버,대한민국,https://kr.indeed.com/viewjob?jk=b6f6a789b6e7a028
[신입/경력] Python 개발자 - 인천 청라,인피닉,인천 중구,https://kr.indeed.com/viewjob?jk=ce7fd95d9ce72a62
[개발]신사업 프론트 개발자(정규직),위메프,대한민국,https://kr.indeed.com/viewjob?jk=57aa1b90d7626f69
Image Processing Developer (SW Engineer),Applied Materials Inc.,경기도 화성,https://kr.indeed.com/viewjob?jk=3224a99522042aaa
Undergrad Intern - Computer Vision/Machine Learning,Intel,서울,https://kr.indeed.com/viewjob?jk=b2253ab4c8e59e33
Process & Data Scientist,Applied Materials Inc.,대한민국,https://kr.indeed.com/viewjob?jk=b87ff4aabad6e65e
머신러닝/딥러닝,NHN,성남 판교역,https://kr.indeed.com/viewjob?jk=cd8ee27085e6a2ff
광고팀 - 분석가,Nexon,성남 분당구,https://kr.indeed.com/viewjob?jk=3a08c7089343733d
[Search & Clova] NAVER Search 이미지 검색서버개발 신입/경력사원,네이버,대한민국,https://kr.indeed.com/viewjob?jk=a771637c0eeffc26
Undergrad Intern - Software Engineer,Intel,서울,https://kr.indeed.com/viewjob?jk=330072f3730ee5a9
Data Scientist,Boston Consulting Group,서울,https://kr.indeed.com/viewjob?jk=ce6747e77c861c46
Data Scientist,Valmet Inc.,서울,https://kr.indeed.com/viewjob?jk=e20355c9cc0e1ec6
추천 통계분석/데이터사이언티스트,카카오,성남 판교역,https://kr.indeed.com/viewjob?jk=bfe0f5ac4f32ec89
웹개발자와 펌웨어 엔지니어,후본,서울 양천구,https://kr.indeed.com/viewjob?jk=a7537cdbe2ad7857
[펜타시큐리티/아우토크립트] 응용 소프트웨어 개발자,펜타시큐리티시스템,서울 영등포구,https://kr.indeed.com/viewjob?jk=8c5a5af8499189e0
2020 Market Data Analyst - Seoul (Korean Speaker),Bloomberg,서울,https://kr.indeed.com/viewjob?jk=212ca67d161b7162
Data Scientist,Supercell,서울,https://kr.indeed.com/viewjob?jk=554c2e55cc985488
Physical Implementation Engineer,SiFive,대한민국,https://kr.indeed.com/viewjob?jk=55537575b7dd8d87
[동영상플랫폼] 연계형 인턴십,네이버,대한민국,https://kr.indeed.com/viewjob?jk=e65a195da656bcdc
[해외취업] 고급 IT 엔지니어,株式会社ASCOM,대한민국,https://kr.indeed.com/viewjob?jk=10ddf37c7b70f83b
기술 인턴 인공지능 응용 연구/개발 인턴,써로마인드로보틱스,서울 관악구,https://kr.indeed.com/viewjob?jk=71c47ac87bb4087e
[라프텔] 서버(백엔드) 개발자,RIDI Corp,서울,https://kr.indeed.com/viewjob?jk=5cfcd4772110d7de
[개발]웹 서비스 개발자(정규직),위메프,대한민국,https://kr.indeed.com/viewjob?jk=9bff6cc5a8f53e6e
카카오톡 보이스톡/페이스톡/라이브톡 개발자,카카오,성남 판교역,https://kr.indeed.com/viewjob?jk=d585814d097935eb
Data Scientist III,Amazon Web Services Korea LLC,서울,https://kr.indeed.com/viewjob?jk=67ca30c143379281
Healthcare Real World Data Analyst 담당자,IQVIA,서울,https://kr.indeed.com/viewjob?jk=a39853230d5ceca8
로봇 기반 Vision 서비스 개발 그룹 IT인프라 구축,그룹 IT인프라 구축,서울특별시,https://kr.indeed.com/viewjob?jk=6f3b8c137683ada9
분석 플랫폼 웹 프론트 엔지니어,Nexon,성남 분당구,https://kr.indeed.com/viewjob?jk=eeb027369cdab361
2020년 상반기 더케이교직원나라 각 부문,더케이교직원나라,서울 종로구,https://kr.indeed.com/viewjob?jk=62e6ba7dd5d7cd46
[개발]위메프오 서비스 서버개발자(정규직),위메프,대한민국,https://kr.indeed.com/viewjob?jk=5f3a399e83a81379
데이터분석팀 - 머신러닝 데이터 분석 (대리-과장급),라이나생명보험,서울 종로구,https://kr.indeed.com/viewjob?jk=c48f98bf59c5b8e4
랩오투원 신입/경력 개발자,유한책임회사랩오투원,부산,https://kr.indeed.com/viewjob?jk=750977c97eeed4d5
데이터 플랫폼 개발,NHN PAYCO,성남 판교역,https://kr.indeed.com/viewjob?jk=a65baa1929f29393
Associate Solutions Engineer (Full Time) - Korea,Cisco Systems,서울,https://kr.indeed.com/viewjob?jk=59b0ff5ce11a8952
AI 기반 로봇 서비스 개발 그룹 IT 인프라 구축,그룹 IT 인프라 구축,서울특별시,https://kr.indeed.com/viewjob?jk=d9086035792f01d0
데이터 엔지니어,리디,서울특별시,https://kr.indeed.com/viewjob?jk=acbc411113b81ae5
데이터연동개발팀 - 데이터엔지니어,Nexon,성남 분당구,https://kr.indeed.com/viewjob?jk=83afcd111984f51c
데이터분석 전문가 신입·경력·전문연구요원,베가스,서울 강남구,https://kr.indeed.com/viewjob?jk=8bda582040d41076
[전문연구요원] 상시,네이버,대한민국,https://kr.indeed.com/viewjob?jk=b79c2ae536063b01
[Search & Clova] Clova 체험형 인턴,네이버,대한민국,https://kr.indeed.com/viewjob?jk=b4b6ee0fd83b8ce1
[Search & Clova] Clova AI 인재,네이버,대한민국,https://kr.indeed.com/viewjob?jk=92bd400e3b5306ba
분석지원팀 - 데이터 분석가,Nexon,성남 분당구,https://kr.indeed.com/viewjob?jk=4233609a843b5e96
AI/빅데이터 분야 (인재 Pool),LG유플러스,서울,https://kr.indeed.com/viewjob?jk=fb617eeb80ea6fa9
"[데이터 분석 스타트업] UI/UX개발/고객행동분석 (Python, GA, Database)",온누리아이코리아,서울 금천구,https://kr.indeed.com/viewjob?jk=abeb2f106393ad76
소프트웨어 개발 지원,에스티앤아이,울산 중구,https://kr.indeed.com/viewjob?jk=af3289894364fa9d
(상시) 인공지능 플랫폼 전문가,에셋플러스자산운용,대한민국,https://kr.indeed.com/viewjob?jk=90d4b57f2e6a8484
Django/Python 웹 애플리케이션 구축/운영.,아이시큐어,서울 금천구,https://kr.indeed.com/viewjob?jk=9a7fded86539a87b
추천 시스템 연구/개발,카카오,성남 판교역,https://kr.indeed.com/viewjob?jk=be6c1f03fa566f8e
데이터 분석가,카카오,성남 판교역,https://kr.indeed.com/viewjob?jk=092d062a6faa7139
"소형, 제조혁신센터 경력",삼성SDI,대한민국,https://kr.indeed.com/viewjob?jk=89c6e7215f9d20b5
"[Search & Clova] Entity Linking, Keyword Extraction (NLP) 경력사원",네이버,대한민국,https://kr.indeed.com/viewjob?jk=b6f6a789b6e7a028
[신입/경력] Python 개발자 - 인천 청라,인피닉,인천 중구,https://kr.indeed.com/viewjob?jk=ce7fd95d9ce72a62
[개발]신사업 프론트 개발자(정규직),위메프,대한민국,https://kr.indeed.com/viewjob?jk=57aa1b90d7626f69
Image Processing Developer (SW Engineer),Applied Materials Inc.,경기도 화성,https://kr.indeed.com/viewjob?jk=3224a99522042aaa
Undergrad Intern - Computer Vision/Machine Learning,Intel,서울,https://kr.indeed.com/viewjob?jk=b2253ab4c8e59e33
Process & Data Scientist,Applied Materials Inc.,대한민국,https://kr.indeed.com/viewjob?jk=b87ff4aabad6e65e
머신러닝/딥러닝,NHN,성남 판교역,https://kr.indeed.com/viewjob?jk=cd8ee27085e6a2ff
광고팀 - 분석가,Nexon,성남 분당구,https://kr.indeed.com/viewjob?jk=3a08c7089343733d
[Search & Clova] NAVER Search 이미지 검색서버개발 신입/경력사원,네이버,대한민국,https://kr.indeed.com/viewjob?jk=a771637c0eeffc26
Undergrad Intern - Software Engineer,Intel,서울,https://kr.indeed.com/viewjob?jk=330072f3730ee5a9
Data Scientist,Boston Consulting Group,서울,https://kr.indeed.com/viewjob?jk=ce6747e77c861c46
Data Scientist,Valmet Inc.,서울,https://kr.indeed.com/viewjob?jk=e20355c9cc0e1ec6
추천 통계분석/데이터사이언티스트,카카오,성남 판교역,https://kr.indeed.com/viewjob?jk=bfe0f5ac4f32ec89
웹개발자와 펌웨어 엔지니어,후본,서울 양천구,https://kr.indeed.com/viewjob?jk=a7537cdbe2ad7857
[펜타시큐리티/아우토크립트] 응용 소프트웨어 개발자,펜타시큐리티시스템,서울 영등포구,https://kr.indeed.com/viewjob?jk=8c5a5af8499189e0
2020 Market Data Analyst - Seoul (Korean Speaker),Bloomberg,서울,https://kr.indeed.com/viewjob?jk=212ca67d161b7162
Data Scientist,Supercell,서울,https://kr.indeed.com/viewjob?jk=554c2e55cc985488
Physical Implementation Engineer,SiFive,대한민국,https://kr.indeed.com/viewjob?jk=55537575b7dd8d87
[동영상플랫폼] 연계형 인턴십,네이버,대한민국,https://kr.indeed.com/viewjob?jk=e65a195da656bcdc
[해외취업] 고급 IT 엔지니어,株式会社ASCOM,대한민국,https://kr.indeed.com/viewjob?jk=10ddf37c7b70f83b
기술 인턴 인공지능 응용 연구/개발 인턴,써로마인드로보틱스,서울 관악구,https://kr.indeed.com/viewjob?jk=71c47ac87bb4087e
[라프텔] 서버(백엔드) 개발자,RIDI Corp,서울,https://kr.indeed.com/viewjob?jk=5cfcd4772110d7de
[개발]웹 서비스 개발자(정규직),위메프,대한민국,https://kr.indeed.com/viewjob?jk=9bff6cc5a8f53e6e
카카오톡 보이스톡/페이스톡/라이브톡 개발자,카카오,성남 판교역,https://kr.indeed.com/viewjob?jk=d585814d097935eb
Data Scientist III,Amazon Web Services Korea LLC,서울,https://kr.indeed.com/viewjob?jk=67ca30c143379281
Healthcare Real World Data Analyst 담당자,IQVIA,서울,https://kr.indeed.com/viewjob?jk=a39853230d5ceca8
로봇 기반 Vision 서비스 개발 그룹 IT인프라 구축,그룹 IT인프라 구축,서울특별시,https://kr.indeed.com/viewjob?jk=6f3b8c137683ada9
분석 플랫폼 웹 프론트 엔지니어,Nexon,성남 분당구,https://kr.indeed.com/viewjob?jk=eeb027369cdab361
2020년 상반기 더케이교직원나라 각 부문,더케이교직원나라,서울 종로구,https://kr.indeed.com/viewjob?jk=62e6ba7dd5d7cd46
[개발]위메프오 서비스 서버개발자(정규직),위메프,대한민국,https://kr.indeed.com/viewjob?jk=5f3a399e83a81379
데이터분석팀 - 머신러닝 데이터 분석 (대리-과장급),라이나생명보험,서울 종로구,https://kr.indeed.com/viewjob?jk=c48f98bf59c5b8e4
랩오투원 신입/경력 개발자,유한책임회사랩오투원,부산,https://kr.indeed.com/viewjob?jk=750977c97eeed4d5
데이터 플랫폼 개발,NHN PAYCO,성남 판교역,https://kr.indeed.com/viewjob?jk=a65baa1929f29393
Associate Solutions Engineer (Full Time) - Korea,Cisco Systems,서울,https://kr.indeed.com/viewjob?jk=59b0ff5ce11a8952
AI 기반 로봇 서비스 개발 그룹 IT 인프라 구축,그룹 IT 인프라 구축,서울특별시,https://kr.indeed.com/viewjob?jk=d9086035792f01d0
데이터 엔지니어,리디,서울특별시,https://kr.indeed.com/viewjob?jk=acbc411113b81ae5
데이터연동개발팀 - 데이터엔지니어,Nexon,성남 분당구,https://kr.indeed.com/viewjob?jk=83afcd111984f51c
데이터분석 전문가 신입·경력·전문연구요원,베가스,서울 강남구,https://kr.indeed.com/viewjob?jk=8bda582040d41076
[전문연구요원] 상시,네이버,대한민국,https://kr.indeed.com/viewjob?jk=b79c2ae536063b01
[Search & Clova] Clova 체험형 인턴,네이버,대한민국,https://kr.indeed.com/viewjob?jk=b4b6ee0fd83b8ce1
[Search & Clova] Clova AI 인재,네이버,대한민국,https://kr.indeed.com/viewjob?jk=92bd400e3b5306ba
분석지원팀 - 데이터 분석가,Nexon,성남 분당구,https://kr.indeed.com/viewjob?jk=4233609a843b5e96
AI/빅데이터 분야 (인재 Pool),LG유플러스,서울,https://kr.indeed.com/viewjob?jk=fb617eeb80ea6fa9
"[데이터 분석 스타트업] UI/UX개발/고객행동분석 (Python, GA, Database)",온누리아이코리아,서울 금천구,https://kr.indeed.com/viewjob?jk=abeb2f106393ad76
소프트웨어 개발 지원,에스티앤아이,울산 중구,https://kr.indeed.com/viewjob?jk=af3289894364fa9d
(상시) 인공지능 플랫폼 전문가,에셋플러스자산운용,대한민국,https://kr.indeed.com/viewjob?jk=90d4b57f2e6a8484
Django/Python 웹 애플리케이션 구축/운영.,아이시큐어,서울 금천구,https://kr.indeed.com/viewjob?jk=9a7fded86539a87b
추천 시스템 연구/개발,카카오,성남 판교역,https://kr.indeed.com/viewjob?jk=be6c1f03fa566f8e
데이터 분석가,카카오,성남 판교역,https://kr.indeed.com/viewjob?jk=092d062a6faa7139
"소형, 제조혁신센터 경력",삼성SDI,대한민국,https://kr.indeed.com/viewjob?jk=89c6e7215f9d20b5
"[Search & Clova] Entity Linking, Keyword Extraction (NLP) 경력사원",네이버,대한민국,https://kr.indeed.com/viewjob?jk=b6f6a789b6e7a028
[신입/경력] Python 개발자 - 인천 청라,인피닉,인천 중구,https://kr.indeed.com/viewjob?jk=ce7fd95d9ce72a62
[개발]신사업 프론트 개발자(정규직),위메프,대한민국,https://kr.indeed.com/viewjob?jk=57aa1b90d7626f69
Image Processing Developer (SW Engineer),Applied Materials Inc.,경기도 화성,https://kr.indeed.com/viewjob?jk=3224a99522042aaa
Undergrad Intern - Computer Vision/Machine Learning,Intel,서울,https://kr.indeed.com/viewjob?jk=b2253ab4c8e59e33
Process & Data Scientist,Applied Materials Inc.,대한민국,https://kr.indeed.com/viewjob?jk=b87ff4aabad6e65e
머신러닝/딥러닝,NHN,성남 판교역,https://kr.indeed.com/viewjob?jk=cd8ee27085e6a2ff
광고팀 - 분석가,Nexon,성남 분당구,https://kr.indeed.com/viewjob?jk=3a08c7089343733d
[Search & Clova] NAVER Search 이미지 검색서버개발 신입/경력사원,네이버,대한민국,https://kr.indeed.com/viewjob?jk=a771637c0eeffc26
Undergrad Intern - Software Engineer,Intel,서울,https://kr.indeed.com/viewjob?jk=330072f3730ee5a9
Data Scientist,Boston Consulting Group,서울,https://kr.indeed.com/viewjob?jk=ce6747e77c861c46
Data Scientist,Valmet Inc.,서울,https://kr.indeed.com/viewjob?jk=e20355c9cc0e1ec6
추천 통계분석/데이터사이언티스트,카카오,성남 판교역,https://kr.indeed.com/viewjob?jk=bfe0f5ac4f32ec89
웹개발자와 펌웨어 엔지니어,후본,서울 양천구,https://kr.indeed.com/viewjob?jk=a7537cdbe2ad7857
[펜타시큐리티/아우토크립트] 응용 소프트웨어 개발자,펜타시큐리티시스템,서울 영등포구,https://kr.indeed.com/viewjob?jk=8c5a5af8499189e0
2020 Market Data Analyst - Seoul (Korean Speaker),Bloomberg,서울,https://kr.indeed.com/viewjob?jk=212ca67d161b7162
Data Scientist,Supercell,서울,https://kr.indeed.com/viewjob?jk=554c2e55cc985488
Physical Implementation Engineer,SiFive,대한민국,https://kr.indeed.com/viewjob?jk=55537575b7dd8d87
[동영상플랫폼] 연계형 인턴십,네이버,대한민국,https://kr.indeed.com/viewjob?jk=e65a195da656bcdc
[해외취업] 고급 IT 엔지니어,株式会社ASCOM,대한민국,https://kr.indeed.com/viewjob?jk=10ddf37c7b70f83b
기술 인턴 인공지능 응용 연구/개발 인턴,써로마인드로보틱스,서울 관악구,https://kr.indeed.com/viewjob?jk=71c47ac87bb4087e
[라프텔] 서버(백엔드) 개발자,RIDI Corp,서울,https://kr.indeed.com/viewjob?jk=5cfcd4772110d7de
[개발]웹 서비스 개발자(정규직),위메프,대한민국,https://kr.indeed.com/viewjob?jk=9bff6cc5a8f53e6e
카카오톡 보이스톡/페이스톡/라이브톡 개발자,카카오,성남 판교역,https://kr.indeed.com/viewjob?jk=d585814d097935eb
Data Scientist III,Amazon Web Services Korea LLC,서울,https://kr.indeed.com/viewjob?jk=67ca30c143379281
Healthcare Real World Data Analyst 담당자,IQVIA,서울,https://kr.indeed.com/viewjob?jk=a39853230d5ceca8
로봇 기반 Vision 서비스 개발 그룹 IT인프라 구축,그룹 IT인프라 구축,서울특별시,https://kr.indeed.com/viewjob?jk=6f3b8c137683ada9
분석 플랫폼 웹 프론트 엔지니어,Nexon,성남 분당구,https://kr.indeed.com/viewjob?jk=eeb027369cdab361
2020년 상반기 더케이교직원나라 각 부문,더케이교직원나라,서울 종로구,https://kr.indeed.com/viewjob?jk=62e6ba7dd5d7cd46
[개발]위메프오 서비스 서버개발자(정규직),위메프,대한민국,https://kr.indeed.com/viewjob?jk=5f3a399e83a81379
데이터분석팀 - 머신러닝 데이터 분석 (대리-과장급),라이나생명보험,서울 종로구,https://kr.indeed.com/viewjob?jk=c48f98bf59c5b8e4
랩오투원 신입/경력 개발자,유한책임회사랩오투원,부산,https://kr.indeed.com/viewjob?jk=750977c97eeed4d5
데이터 플랫폼 개발,NHN PAYCO,성남 판교역,https://kr.indeed.com/viewjob?jk=a65baa1929f29393
Associate Solutions Engineer (Full Time) - Korea,Cisco Systems,서울,https://kr.indeed.com/viewjob?jk=59b0ff5ce11a8952
AI 기반 로봇 서비스 개발 그룹 IT 인프라 구축,그룹 IT 인프라 구축,서울특별시,https://kr.indeed.com/viewjob?jk=d9086035792f01d0
데이터 엔지니어,리디,서울특별시,https://kr.indeed.com/viewjob?jk=acbc411113b81ae5
데이터연동개발팀 - 데이터엔지니어,Nexon,성남 분당구,https://kr.indeed.com/viewjob?jk=83afcd111984f51c
데이터분석 전문가 신입·경력·전문연구요원,베가스,서울 강남구,https://kr.indeed.com/viewjob?jk=8bda582040d41076
[전문연구요원] 상시,네이버,대한민국,https://kr.indeed.com/viewjob?jk=b79c2ae536063b01
[Search & Clova] Clova 체험형 인턴,네이버,대한민국,https://kr.indeed.com/viewjob?jk=b4b6ee0fd83b8ce1
[Search & Clova] Clova AI 인재,네이버,대한민국,https://kr.indeed.com/viewjob?jk=92bd400e3b5306ba
분석지원팀 - 데이터 분석가,Nexon,성남 분당구,https://kr.indeed.com/viewjob?jk=4233609a843b5e96
AI/빅데이터 분야 (인재 Pool),LG유플러스,서울,https://kr.indeed.com/viewjob?jk=fb617eeb80ea6fa9
"[데이터 분석 스타트업] UI/UX개발/고객행동분석 (Python, GA, Database)",온누리아이코리아,서울 금천구,https://kr.indeed.com/viewjob?jk=abeb2f106393ad76
소프트웨어 개발 지원,에스티앤아이,울산 중구,https://kr.indeed.com/viewjob?jk=af3289894364fa9d
(상시) 인공지능 플랫폼 전문가,에셋플러스자산운용,대한민국,https://kr.indeed.com/viewjob?jk=90d4b57f2e6a8484
Django/Python 웹 애플리케이션 구축/운영.,아이시큐어,서울 금천구,https://kr.indeed.com/viewjob?jk=9a7fded86539a87b
추천 시스템 연구/개발,카카오,성남 판교역,https://kr.indeed.com/viewjob?jk=be6c1f03fa566f8e
데이터 분석가,카카오,성남 판교역,https://kr.indeed.com/viewjob?jk=092d062a6faa7139
"소형, 제조혁신센터 경력",삼성SDI,대한민국,https://kr.indeed.com/viewjob?jk=89c6e7215f9d20b5
"[Search & Clova] Entity Linking, Keyword Extraction (NLP) 경력사원",네이버,대한민국,https://kr.indeed.com/viewjob?jk=b6f6a789b6e7a028
[신입/경력] Python 개발자 - 인천 청라,인피닉,인천 중구,https://kr.indeed.com/viewjob?jk=ce7fd95d9ce72a62
[개발]신사업 프론트 개발자(정규직),위메프,대한민국,https://kr.indeed.com/viewjob?jk=57aa1b90d7626f69
Image Processing Developer (SW Engineer),Applied Materials Inc.,경기도 화성,https://kr.indeed.com/viewjob?jk=3224a99522042aaa
Undergrad Intern - Computer Vision/Machine Learning,Intel,서울,https://kr.indeed.com/viewjob?jk=b2253ab4c8e59e33
Process & Data Scientist,Applied Materials Inc.,대한민국,https://kr.indeed.com/viewjob?jk=b87ff4aabad6e65e
머신러닝/딥러닝,NHN,성남 판교역,https://kr.indeed.com/viewjob?jk=cd8ee27085e6a2ff
광고팀 - 분석가,Nexon,성남 분당구,https://kr.indeed.com/viewjob?jk=3a08c7089343733d
[Search & Clova] NAVER Search 이미지 검색서버개발 신입/경력사원,네이버,대한민국,https://kr.indeed.com/viewjob?jk=a771637c0eeffc26
Undergrad Intern - Software Engineer,Intel,서울,https://kr.indeed.com/viewjob?jk=330072f3730ee5a9
Data Scientist,Boston Consulting Group,서울,https://kr.indeed.com/viewjob?jk=ce6747e77c861c46
Data Scientist,Valmet Inc.,서울,https://kr.indeed.com/viewjob?jk=e20355c9cc0e1ec6
추천 통계분석/데이터사이언티스트,카카오,성남 판교역,https://kr.indeed.com/viewjob?jk=bfe0f5ac4f32ec89
웹개발자와 펌웨어 엔지니어,후본,서울 양천구,https://kr.indeed.com/viewjob?jk=a7537cdbe2ad7857
[펜타시큐리티/아우토크립트] 응용 소프트웨어 개발자,펜타시큐리티시스템,서울 영등포구,https://kr.indeed.com/viewjob?jk=8c5a5af8499189e0
2020 Market Data Analyst - Seoul (Korean Speaker),Bloomberg,서울,https://kr.indeed.com/viewjob?jk=212ca67d161b7162
Data Scientist,Supercell,서울,https://kr.indeed.com/viewjob?jk=554c2e55cc985488
Physical Implementation Engineer,SiFive,대한민국,https://kr.indeed.com/viewjob?jk=55537575b7dd8d87
[동영상플랫폼] 연계형 인턴십,네이버,대한민국,https://kr.indeed.com/viewjob?jk=e65a195da656bcdc
[해외취업] 고급 IT 엔지니어,株式会社ASCOM,대한민국,https://kr.indeed.com/viewjob?jk=10ddf37c7b70f83b
기술 인턴 인공지능 응용 연구/개발 인턴,써로마인드로보틱스,서울 관악구,https://kr.indeed.com/viewjob?jk=71c47ac87bb4087e
[라프텔] 서버(백엔드) 개발자,RIDI Corp,서울,https://kr.indeed.com/viewjob?jk=5cfcd4772110d7de
[개발]웹 서비스 개발자(정규직),위메프,대한민국,https://kr.indeed.com/viewjob?jk=9bff6cc5a8f53e6e
카카오톡 보이스톡/페이스톡/라이브톡 개발자,카카오,성남 판교역,https://kr.indeed.com/viewjob?jk=d585814d097935eb
Data Scientist III,Amazon Web Services Korea LLC,서울,https://kr.indeed.com/viewjob?jk=67ca30c143379281
Healthcare Real World Data Analyst 담당자,IQVIA,서울,https://kr.indeed.com/viewjob?jk=a39853230d5ceca8
로봇 기반 Vision 서비스 개발 그룹 IT인프라 구축,그룹 IT인프라 구축,서울특별시,https://kr.indeed.com/viewjob?jk=6f3b8c137683ada9
분석 플랫폼 웹 프론트 엔지니어,Nexon,성남 분당구,https://kr.indeed.com/viewjob?jk=eeb027369cdab361
2020년 상반기 더케이교직원나라 각 부문,더케이교직원나라,서울 종로구,https://kr.indeed.com/viewjob?jk=62e6ba7dd5d7cd46
[개발]위메프오 서비스 서버개발자(정규직),위메프,대한민국,https://kr.indeed.com/viewjob?jk=5f3a399e83a81379
데이터분석팀 - 머신러닝 데이터 분석 (대리-과장급),라이나생명보험,서울 종로구,https://kr.indeed.com/viewjob?jk=c48f98bf59c5b8e4
랩오투원 신입/경력 개발자,유한책임회사랩오투원,부산,https://kr.indeed.com/viewjob?jk=750977c97eeed4d5
데이터 플랫폼 개발,NHN PAYCO,성남 판교역,https://kr.indeed.com/viewjob?jk=a65baa1929f29393
Associate Solutions Engineer (Full Time) - Korea,Cisco Systems,서울,https://kr.indeed.com/viewjob?jk=59b0ff5ce11a8952
AI 기반 로봇 서비스 개발 그룹 IT 인프라 구축,그룹 IT 인프라 구축,서울특별시,https://kr.indeed.com/viewjob?jk=d9086035792f01d0
데이터 엔지니어,리디,서울특별시,https://kr.indeed.com/viewjob?jk=acbc411113b81ae5
데이터연동개발팀 - 데이터엔지니어,Nexon,성남 분당구,https://kr.indeed.com/viewjob?jk=83afcd111984f51c
데이터분석 전문가 신입·경력·전문연구요원,베가스,서울 강남구,https://kr.indeed.com/viewjob?jk=8bda582040d41076
[전문연구요원] 상시,네이버,대한민국,https://kr.indeed.com/viewjob?jk=b79c2ae536063b01
[Search & Clova] Clova 체험형 인턴,네이버,대한민국,https://kr.indeed.com/viewjob?jk=b4b6ee0fd83b8ce1
[Search & Clova] Clova AI 인재,네이버,대한민국,https://kr.indeed.com/viewjob?jk=92bd400e3b5306ba
분석지원팀 - 데이터 분석가,Nexon,성남 분당구,https://kr.indeed.com/viewjob?jk=4233609a843b5e96
AI/빅데이터 분야 (인재 Pool),LG유플러스,서울,https://kr.indeed.com/viewjob?jk=fb617eeb80ea6fa9
"[데이터 분석 스타트업] UI/UX개발/고객행동분석 (Python, GA, Database)",온누리아이코리아,서울 금천구,https://kr.indeed.com/viewjob?jk=abeb2f106393ad76
소프트웨어 개발 지원,에스티앤아이,울산 중구,https://kr.indeed.com/viewjob?jk=af3289894364fa9d
(상시) 인공지능 플랫폼 전문가,에셋플러스자산운용,대한민국,https://kr.indeed.com/viewjob?jk=90d4b57f2e6a8484
Django/Python 웹 애플리케이션 구축/운영.,아이시큐어,서울 금천구,https://kr.indeed.com/viewjob?jk=9a7fded86539a87b
추천 시스템 연구/개발,카카오,성남 판교역,https://kr.indeed.com/viewjob?jk=be6c1f03fa566f8e
데이터 분석가,카카오,성남 판교역,https://kr.indeed.com/viewjob?jk=092d062a6faa7139
"소형, 제조혁신센터 경력",삼성SDI,대한민국,https://kr.indeed.com/viewjob?jk=89c6e7215f9d20b5
"[Search & Clova] Entity Linking, Keyword Extraction (NLP) 경력사원",네이버,대한민국,https://kr.indeed.com/viewjob?jk=b6f6a789b6e7a028
[신입/경력] Python 개발자 - 인천 청라,인피닉,인천 중구,https://kr.indeed.com/viewjob?jk=ce7fd95d9ce72a62
[개발]신사업 프론트 개발자(정규직),위메프,대한민국,https://kr.indeed.com/viewjob?jk=57aa1b90d7626f69
Image Processing Developer (SW Engineer),Applied Materials Inc.,경기도 화성,https://kr.indeed.com/viewjob?jk=3224a99522042aaa
Undergrad Intern - Computer Vision/Machine Learning,Intel,서울,https://kr.indeed.com/viewjob?jk=b2253ab4c8e59e33
Process & Data Scientist,Applied Materials Inc.,대한민국,https://kr.indeed.com/viewjob?jk=b87ff4aabad6e65e
머신러닝/딥러닝,NHN,성남 판교역,https://kr.indeed.com/viewjob?jk=cd8ee27085e6a2ff
광고팀 - 분석가,Nexon,성남 분당구,https://kr.indeed.com/viewjob?jk=3a08c7089343733d
[Search & Clova] NAVER Search 이미지 검색서버개발 신입/경력사원,네이버,대한민국,https://kr.indeed.com/viewjob?jk=a771637c0eeffc26
Undergrad Intern - Software Engineer,Intel,서울,https://kr.indeed.com/viewjob?jk=330072f3730ee5a9
Data Scientist,Boston Consulting Group,서울,https://kr.indeed.com/viewjob?jk=ce6747e77c861c46
Data Scientist,Valmet Inc.,서울,https://kr.indeed.com/viewjob?jk=e20355c9cc0e1ec6
추천 통계분석/데이터사이언티스트,카카오,성남 판교역,https://kr.indeed.com/viewjob?jk=bfe0f5ac4f32ec89
웹개발자와 펌웨어 엔지니어,후본,서울 양천구,https://kr.indeed.com/viewjob?jk=a7537cdbe2ad7857
[펜타시큐리티/아우토크립트] 응용 소프트웨어 개발자,펜타시큐리티시스템,서울 영등포구,https://kr.indeed.com/viewjob?jk=8c5a5af8499189e0
2020 Market Data Analyst - Seoul (Korean Speaker),Bloomberg,서울,https://kr.indeed.com/viewjob?jk=212ca67d161b7162
Data Scientist,Supercell,서울,https://kr.indeed.com/viewjob?jk=554c2e55cc985488
Physical Implementation Engineer,SiFive,대한민국,https://kr.indeed.com/viewjob?jk=55537575b7dd8d87
[동영상플랫폼] 연계형 인턴십,네이버,대한민국,https://kr.indeed.com/viewjob?jk=e65a195da656bcdc
[해외취업] 고급 IT 엔지니어,株式会社ASCOM,대한민국,https://kr.indeed.com/viewjob?jk=10ddf37c7b70f83b
기술 인턴 인공지능 응용 연구/개발 인턴,써로마인드로보틱스,서울 관악구,https://kr.indeed.com/viewjob?jk=71c47ac87bb4087e
[라프텔] 서버(백엔드) 개발자,RIDI Corp,서울,https://kr.indeed.com/viewjob?jk=5cfcd4772110d7de
[개발]웹 서비스 개발자(정규직),위메프,대한민국,https://kr.indeed.com/viewjob?jk=9bff6cc5a8f53e6e
카카오톡 보이스톡/페이스톡/라이브톡 개발자,카카오,성남 판교역,https://kr.indeed.com/viewjob?jk=d585814d097935eb
Data Scientist III,Amazon Web Services Korea LLC,서울,https://kr.indeed.com/viewjob?jk=67ca30c143379281
Healthcare Real World Data Analyst 담당자,IQVIA,서울,https://kr.indeed.com/viewjob?jk=a39853230d5ceca8
로봇 기반 Vision 서비스 개발 그룹 IT인프라 구축,그룹 IT인프라 구축,서울특별시,https://kr.indeed.com/viewjob?jk=6f3b8c137683ada9
분석 플랫폼 웹 프론트 엔지니어,Nexon,성남 분당구,https://kr.indeed.com/viewjob?jk=eeb027369cdab361
2020년 상반기 더케이교직원나라 각 부문,더케이교직원나라,서울 종로구,https://kr.indeed.com/viewjob?jk=62e6ba7dd5d7cd46
[개발]위메프오 서비스 서버개발자(정규직),위메프,대한민국,https://kr.indeed.com/viewjob?jk=5f3a399e83a81379
데이터분석팀 - 머신러닝 데이터 분석 (대리-과장급),라이나생명보험,서울 종로구,https://kr.indeed.com/viewjob?jk=c48f98bf59c5b8e4
랩오투원 신입/경력 개발자,유한책임회사랩오투원,부산,https://kr.indeed.com/viewjob?jk=750977c97eeed4d5
데이터 플랫폼 개발,NHN PAYCO,성남 판교역,https://kr.indeed.com/viewjob?jk=a65baa1929f29393
Associate Solutions Engineer (Full Time) - Korea,Cisco Systems,서울,https://kr.indeed.com/viewjob?jk=59b0ff5ce11a8952
AI 기반 로봇 서비스 개발 그룹 IT 인프라 구축,그룹 IT 인프라 구축,서울특별시,https://kr.indeed.com/viewjob?jk=d9086035792f01d0
데이터 엔지니어,리디,서울특별시,https://kr.indeed.com/viewjob?jk=acbc411113b81ae5
데이터연동개발팀 - 데이터엔지니어,Nexon,성남 분당구,https://kr.indeed.com/viewjob?jk=83afcd111984f51c
데이터분석 전문가 신입·경력·전문연구요원,베가스,서울 강남구,https://kr.indeed.com/viewjob?jk=8bda582040d41076
[전문연구요원] 상시,네이버,대한민국,https://kr.indeed.com/viewjob?jk=b79c2ae536063b01
[Search & Clova] Clova 체험형 인턴,네이버,대한민국,https://kr.indeed.com/viewjob?jk=b4b6ee0fd83b8ce1
[Search & Clova] Clova AI 인재,네이버,대한민국,https://kr.indeed.com/viewjob?jk=92bd400e3b5306ba
분석지원팀 - 데이터 분석가,Nexon,성남 분당구,https://kr.indeed.com/viewjob?jk=4233609a843b5e96
AI/빅데이터 분야 (인재 Pool),LG유플러스,서울,https://kr.indeed.com/viewjob?jk=fb617eeb80ea6fa9
"[데이터 분석 스타트업] UI/UX개발/고객행동분석 (Python, GA, Database)",온누리아이코리아,서울 금천구,https://kr.indeed.com/viewjob?jk=abeb2f106393ad76
소프트웨어 개발 지원,에스티앤아이,울산 중구,https://kr.indeed.com/viewjob?jk=af3289894364fa9d
(상시) 인공지능 플랫폼 전문가,에셋플러스자산운용,대한민국,https://kr.indeed.com/viewjob?jk=90d4b57f2e6a8484
Django/Python 웹 애플리케이션 구축/운영.,아이시큐어,서울 금천구,https://kr.indeed.com/viewjob?jk=9a7fded86539a87b
추천 시스템 연구/개발,카카오,성남 판교역,https://kr.indeed.com/viewjob?jk=be6c1f03fa566f8e
데이터 분석가,카카오,성남 판교역,https://kr.indeed.com/viewjob?jk=092d062a6faa7139
"소형, 제조혁신센터 경력",삼성SDI,대한민국,https://kr.indeed.com/viewjob?jk=89c6e7215f9d20b5
"[Search & Clova] Entity Linking, Keyword Extraction (NLP) 경력사원",네이버,대한민국,https://kr.indeed.com/viewjob?jk=b6f6a789b6e7a028
[신입/경력] Python 개발자 - 인천 청라,인피닉,인천 중구,https://kr.indeed.com/viewjob?jk=ce7fd95d9ce72a62
[개발]신사업 프론트 개발자(정규직),위메프,대한민국,https://kr.indeed.com/viewjob?jk=57aa1b90d7626f69
Image Processing Developer (SW Engineer),Applied Materials Inc.,경기도 화성,https://kr.indeed.com/viewjob?jk=3224a99522042aaa
Undergrad Intern - Computer Vision/Machine Learning,Intel,서울,https://kr.indeed.com/viewjob?jk=b2253ab4c8e59e33
Process & Data Scientist,Applied Materials Inc.,대한민국,https://kr.indeed.com/viewjob?jk=b87ff4aabad6e65e
머신러닝/딥러닝,NHN,성남 판교역,https://kr.indeed.com/viewjob?jk=cd8ee27085e6a2ff
광고팀 - 분석가,Nexon,성남 분당구,https://kr.indeed.com/viewjob?jk=3a08c7089343733d
[Search & Clova] NAVER Search 이미지 검색서버개발 신입/경력사원,네이버,대한민국,https://kr.indeed.com/viewjob?jk=a771637c0eeffc26
Undergrad Intern - Software Engineer,Intel,서울,https://kr.indeed.com/viewjob?jk=330072f3730ee5a9
Data Scientist,Boston Consulting Group,서울,https://kr.indeed.com/viewjob?jk=ce6747e77c861c46
Data Scientist,Valmet Inc.,서울,https://kr.indeed.com/viewjob?jk=e20355c9cc0e1ec6
추천 통계분석/데이터사이언티스트,카카오,성남 판교역,https://kr.indeed.com/viewjob?jk=bfe0f5ac4f32ec89
웹개발자와 펌웨어 엔지니어,후본,서울 양천구,https://kr.indeed.com/viewjob?jk=a7537cdbe2ad7857
[펜타시큐리티/아우토크립트] 응용 소프트웨어 개발자,펜타시큐리티시스템,서울 영등포구,https://kr.indeed.com/viewjob?jk=8c5a5af8499189e0
2020 Market Data Analyst - Seoul (Korean Speaker),Bloomberg,서울,https://kr.indeed.com/viewjob?jk=212ca67d161b7162
Data Scientist,Supercell,서울,https://kr.indeed.com/viewjob?jk=554c2e55cc985488
Physical Implementation Engineer,SiFive,대한민국,https://kr.indeed.com/viewjob?jk=55537575b7dd8d87
[동영상플랫폼] 연계형 인턴십,네이버,대한민국,https://kr.indeed.com/viewjob?jk=e65a195da656bcdc
[해외취업] 고급 IT 엔지니어,株式会社ASCOM,대한민국,https://kr.indeed.com/viewjob?jk=10ddf37c7b70f83b
기술 인턴 인공지능 응용 연구/개발 인턴,써로마인드로보틱스,서울 관악구,https://kr.indeed.com/viewjob?jk=71c47ac87bb4087e
[라프텔] 서버(백엔드) 개발자,RIDI Corp,서울,https://kr.indeed.com/viewjob?jk=5cfcd4772110d7de
[개발]웹 서비스 개발자(정규직),위메프,대한민국,https://kr.indeed.com/viewjob?jk=9bff6cc5a8f53e6e
카카오톡 보이스톡/페이스톡/라이브톡 개발자,카카오,성남 판교역,https://kr.indeed.com/viewjob?jk=d585814d097935eb
Data Scientist III,Amazon Web Services Korea LLC,서울,https://kr.indeed.com/viewjob?jk=67ca30c143379281
Healthcare Real World Data Analyst 담당자,IQVIA,서울,https://kr.indeed.com/viewjob?jk=a39853230d5ceca8
로봇 기반 Vision 서비스 개발 그룹 IT인프라 구축,그룹 IT인프라 구축,서울특별시,https://kr.indeed.com/viewjob?jk=6f3b8c137683ada9
분석 플랫폼 웹 프론트 엔지니어,Nexon,성남 분당구,https://kr.indeed.com/viewjob?jk=eeb027369cdab361
2020년 상반기 더케이교직원나라 각 부문,더케이교직원나라,서울 종로구,https://kr.indeed.com/viewjob?jk=62e6ba7dd5d7cd46
[개발]위메프오 서비스 서버개발자(정규직),위메프,대한민국,https://kr.indeed.com/viewjob?jk=5f3a399e83a81379
데이터분석팀 - 머신러닝 데이터 분석 (대리-과장급),라이나생명보험,서울 종로구,https://kr.indeed.com/viewjob?jk=c48f98bf59c5b8e4
랩오투원 신입/경력 개발자,유한책임회사랩오투원,부산,https://kr.indeed.com/viewjob?jk=750977c97eeed4d5
데이터 플랫폼 개발,NHN PAYCO,성남 판교역,https://kr.indeed.com/viewjob?jk=a65baa1929f29393
Associate Solutions Engineer (Full Time) - Korea,Cisco Systems,서울,https://kr.indeed.com/viewjob?jk=59b0ff5ce11a8952
AI 기반 로봇 서비스 개발 그룹 IT 인프라 구축,그룹 IT 인프라 구축,서울특별시,https://kr.indeed.com/viewjob?jk=d9086035792f01d0
데이터 엔지니어,리디,서울특별시,https://kr.indeed.com/viewjob?jk=acbc411113b81ae5
데이터연동개발팀 - 데이터엔지니어,Nexon,성남 분당구,https://kr.indeed.com/viewjob?jk=83afcd111984f51c
데이터분석 전문가 신입·경력·전문연구요원,베가스,서울 강남구,https://kr.indeed.com/viewjob?jk=8bda582040d41076
[전문연구요원] 상시,네이버,대한민국,https://kr.indeed.com/viewjob?jk=b79c2ae536063b01
[Search & Clova] Clova 체험형 인턴,네이버,대한민국,https://kr.indeed.com/viewjob?jk=b4b6ee0fd83b8ce1
[Search & Clova] Clova AI 인재,네이버,대한민국,https://kr.indeed.com/viewjob?jk=92bd400e3b5306ba
분석지원팀 - 데이터 분석가,Nexon,성남 분당구,https://kr.indeed.com/viewjob?jk=4233609a843b5e96
AI/빅데이터 분야 (인재 Pool),LG유플러스,서울,https://kr.indeed.com/viewjob?jk=fb617eeb80ea6fa9
"[데이터 분석 스타트업] UI/UX개발/고객행동분석 (Python, GA, Database)",온누리아이코리아,서울 금천구,https://kr.indeed.com/viewjob?jk=abeb2f106393ad76
소프트웨어 개발 지원,에스티앤아이,울산 중구,https://kr.indeed.com/viewjob?jk=af3289894364fa9d
(상시) 인공지능 플랫폼 전문가,에셋플러스자산운용,대한민국,https://kr.indeed.com/viewjob?jk=90d4b57f2e6a8484
Django/Python 웹 애플리케이션 구축/운영.,아이시큐어,서울 금천구,https://kr.indeed.com/viewjob?jk=9a7fded86539a87b
추천 시스템 연구/개발,카카오,성남 판교역,https://kr.indeed.com/viewjob?jk=be6c1f03fa566f8e
데이터 분석가,카카오,성남 판교역,https://kr.indeed.com/viewjob?jk=092d062a6faa7139
"소형, 제조혁신센터 경력",삼성SDI,대한민국,https://kr.indeed.com/viewjob?jk=89c6e7215f9d20b5
"[Search & Clova] Entity Linking, Keyword Extraction (NLP) 경력사원",네이버,대한민국,https://kr.indeed.com/viewjob?jk=b6f6a789b6e7a028
[신입/경력] Python 개발자 - 인천 청라,인피닉,인천 중구,https://kr.indeed.com/viewjob?jk=ce7fd95d9ce72a62
[개발]신사업 프론트 개발자(정규직),위메프,대한민국,https://kr.indeed.com/viewjob?jk=57aa1b90d7626f69
Image Processing Developer (SW Engineer),Applied Materials Inc.,경기도 화성,https://kr.indeed.com/viewjob?jk=3224a99522042aaa
Undergrad Intern - Computer Vision/Machine Learning,Intel,서울,https://kr.indeed.com/viewjob?jk=b2253ab4c8e59e33
Process & Data Scientist,Applied Materials Inc.,대한민국,https://kr.indeed.com/viewjob?jk=b87ff4aabad6e65e
머신러닝/딥러닝,NHN,성남 판교역,https://kr.indeed.com/viewjob?jk=cd8ee27085e6a2ff
광고팀 - 분석가,Nexon,성남 분당구,https://kr.indeed.com/viewjob?jk=3a08c7089343733d
[Search & Clova] NAVER Search 이미지 검색서버개발 신입/경력사원,네이버,대한민국,https://kr.indeed.com/viewjob?jk=a771637c0eeffc26
Undergrad Intern - Software Engineer,Intel,서울,https://kr.indeed.com/viewjob?jk=330072f3730ee5a9
Data Scientist,Boston Consulting Group,서울,https://kr.indeed.com/viewjob?jk=ce6747e77c861c46
Data Scientist,Valmet Inc.,서울,https://kr.indeed.com/viewjob?jk=e20355c9cc0e1ec6
추천 통계분석/데이터사이언티스트,카카오,성남 판교역,https://kr.indeed.com/viewjob?jk=bfe0f5ac4f32ec89
웹개발자와 펌웨어 엔지니어,후본,서울 양천구,https://kr.indeed.com/viewjob?jk=a7537cdbe2ad7857
[펜타시큐리티/아우토크립트] 응용 소프트웨어 개발자,펜타시큐리티시스템,서울 영등포구,https://kr.indeed.com/viewjob?jk=8c5a5af8499189e0
2020 Market Data Analyst - Seoul (Korean Speaker),Bloomberg,서울,https://kr.indeed.com/viewjob?jk=212ca67d161b7162
Data Scientist,Supercell,서울,https://kr.indeed.com/viewjob?jk=554c2e55cc985488
Physical Implementation Engineer,SiFive,대한민국,https://kr.indeed.com/viewjob?jk=55537575b7dd8d87
[동영상플랫폼] 연계형 인턴십,네이버,대한민국,https://kr.indeed.com/viewjob?jk=e65a195da656bcdc
[해외취업] 고급 IT 엔지니어,株式会社ASCOM,대한민국,https://kr.indeed.com/viewjob?jk=10ddf37c7b70f83b
기술 인턴 인공지능 응용 연구/개발 인턴,써로마인드로보틱스,서울 관악구,https://kr.indeed.com/viewjob?jk=71c47ac87bb4087e
[라프텔] 서버(백엔드) 개발자,RIDI Corp,서울,https://kr.indeed.com/viewjob?jk=5cfcd4772110d7de
[개발]웹 서비스 개발자(정규직),위메프,대한민국,https://kr.indeed.com/viewjob?jk=9bff6cc5a8f53e6e
카카오톡 보이스톡/페이스톡/라이브톡 개발자,카카오,성남 판교역,https://kr.indeed.com/viewjob?jk=d585814d097935eb
Data Scientist III,Amazon Web Services Korea LLC,서울,https://kr.indeed.com/viewjob?jk=67ca30c143379281
Healthcare Real World Data Analyst 담당자,IQVIA,서울,https://kr.indeed.com/viewjob?jk=a39853230d5ceca8
로봇 기반 Vision 서비스 개발 그룹 IT인프라 구축,그룹 IT인프라 구축,서울특별시,https://kr.indeed.com/viewjob?jk=6f3b8c137683ada9
분석 플랫폼 웹 프론트 엔지니어,Nexon,성남 분당구,https://kr.indeed.com/viewjob?jk=eeb027369cdab361
2020년 상반기 더케이교직원나라 각 부문,더케이교직원나라,서울 종로구,https://kr.indeed.com/viewjob?jk=62e6ba7dd5d7cd46
[개발]위메프오 서비스 서버개발자(정규직),위메프,대한민국,https://kr.indeed.com/viewjob?jk=5f3a399e83a81379
데이터분석팀 - 머신러닝 데이터 분석 (대리-과장급),라이나생명보험,서울 종로구,https://kr.indeed.com/viewjob?jk=c48f98bf59c5b8e4
랩오투원 신입/경력 개발자,유한책임회사랩오투원,부산,https://kr.indeed.com/viewjob?jk=750977c97eeed4d5
데이터 플랫폼 개발,NHN PAYCO,성남 판교역,https://kr.indeed.com/viewjob?jk=a65baa1929f29393
Associate Solutions Engineer (Full Time) - Korea,Cisco Systems,서울,https://kr.indeed.com/viewjob?jk=59b0ff5ce11a8952
AI 기반 로봇 서비스 개발 그룹 IT 인프라 구축,그룹 IT 인프라 구축,서울특별시,https://kr.indeed.com/viewjob?jk=d9086035792f01d0
데이터 엔지니어,리디,서울특별시,https://kr.indeed.com/viewjob?jk=acbc411113b81ae5
데이터연동개발팀 - 데이터엔지니어,Nexon,성남 분당구,https://kr.indeed.com/viewjob?jk=83afcd111984f51c
데이터분석 전문가 신입·경력·전문연구요원,베가스,서울 강남구,https://kr.indeed.com/viewjob?jk=8bda582040d41076
[전문연구요원] 상시,네이버,대한민국,https://kr.indeed.com/viewjob?jk=b79c2ae536063b01
[Search & Clova] Clova 체험형 인턴,네이버,대한민국,https://kr.indeed.com/viewjob?jk=b4b6ee0fd83b8ce1
[Search & Clova] Clova AI 인재,네이버,대한민국,https://kr.indeed.com/viewjob?jk=92bd400e3b5306ba
분석지원팀 - 데이터 분석가,Nexon,성남 분당구,https://kr.indeed.com/viewjob?jk=4233609a843b5e96
AI/빅데이터 분야 (인재 Pool),LG유플러스,서울,https://kr.indeed.com/viewjob?jk=fb617eeb80ea6fa9
"[데이터 분석 스타트업] UI/UX개발/고객행동분석 (Python, GA, Database)",온누리아이코리아,서울 금천구,https://kr.indeed.com/viewjob?jk=abeb2f106393ad76
소프트웨어 개발 지원,에스티앤아이,울산 중구,https://kr.indeed.com/viewjob?jk=af3289894364fa9d
(상시) 인공지능 플랫폼 전문가,에셋플러스자산운용,대한민국,https://kr.indeed.com/viewjob?jk=90d4b57f2e6a8484
Django/Python 웹 애플리케이션 구축/운영.,아이시큐어,서울 금천구,https://kr.indeed.com/viewjob?jk=9a7fded86539a87b
추천 시스템 연구/개발,카카오,성남 판교역,https://kr.indeed.com/viewjob?jk=be6c1f03fa566f8e
데이터 분석가,카카오,성남 판교역,https://kr.indeed.com/viewjob?jk=092d062a6faa7139
"소형, 제조혁신센터 경력",삼성SDI,대한민국,https://kr.indeed.com/viewjob?jk=89c6e7215f9d20b5
"[Search & Clova] Entity Linking, Keyword Extraction (NLP) 경력사원",네이버,대한민국,https://kr.indeed.com/viewjob?jk=b6f6a789b6e7a028
[신입/경력] Python 개발자 - 인천 청라,인피닉,인천 중구,https://kr.indeed.com/viewjob?jk=ce7fd95d9ce72a62
[개발]신사업 프론트 개발자(정규직),위메프,대한민국,https://kr.indeed.com/viewjob?jk=57aa1b90d7626f69
Image Processing Developer (SW Engineer),Applied Materials Inc.,경기도 화성,https://kr.indeed.com/viewjob?jk=3224a99522042aaa
Undergrad Intern - Computer Vision/Machine Learning,Intel,서울,https://kr.indeed.com/viewjob?jk=b2253ab4c8e59e33
Process & Data Scientist,Applied Materials Inc.,대한민국,https://kr.indeed.com/viewjob?jk=b87ff4aabad6e65e
머신러닝/딥러닝,NHN,성남 판교역,https://kr.indeed.com/viewjob?jk=cd8ee27085e6a2ff
광고팀 - 분석가,Nexon,성남 분당구,https://kr.indeed.com/viewjob?jk=3a08c7089343733d
[Search & Clova] NAVER Search 이미지 검색서버개발 신입/경력사원,네이버,대한민국,https://kr.indeed.com/viewjob?jk=a771637c0eeffc26
Undergrad Intern - Software Engineer,Intel,서울,https://kr.indeed.com/viewjob?jk=330072f3730ee5a9
Data Scientist,Boston Consulting Group,서울,https://kr.indeed.com/viewjob?jk=ce6747e77c861c46
Data Scientist,Valmet Inc.,서울,https://kr.indeed.com/viewjob?jk=e20355c9cc0e1ec6
추천 통계분석/데이터사이언티스트,카카오,성남 판교역,https://kr.indeed.com/viewjob?jk=bfe0f5ac4f32ec89
웹개발자와 펌웨어 엔지니어,후본,서울 양천구,https://kr.indeed.com/viewjob?jk=a7537cdbe2ad7857
[펜타시큐리티/아우토크립트] 응용 소프트웨어 개발자,펜타시큐리티시스템,서울 영등포구,https://kr.indeed.com/viewjob?jk=8c5a5af8499189e0
2020 Market Data Analyst - Seoul (Korean Speaker),Bloomberg,서울,https://kr.indeed.com/viewjob?jk=212ca67d161b7162
Data Scientist,Supercell,서울,https://kr.indeed.com/viewjob?jk=554c2e55cc985488
Physical Implementation Engineer,SiFive,대한민국,https://kr.indeed.com/viewjob?jk=55537575b7dd8d87
[동영상플랫폼] 연계형 인턴십,네이버,대한민국,https://kr.indeed.com/viewjob?jk=e65a195da656bcdc
[해외취업] 고급 IT 엔지니어,株式会社ASCOM,대한민국,https://kr.indeed.com/viewjob?jk=10ddf37c7b70f83b
기술 인턴 인공지능 응용 연구/개발 인턴,써로마인드로보틱스,서울 관악구,https://kr.indeed.com/viewjob?jk=71c47ac87bb4087e
[라프텔] 서버(백엔드) 개발자,RIDI Corp,서울,https://kr.indeed.com/viewjob?jk=5cfcd4772110d7de
[개발]웹 서비스 개발자(정규직),위메프,대한민국,https://kr.indeed.com/viewjob?jk=9bff6cc5a8f53e6e
카카오톡 보이스톡/페이스톡/라이브톡 개발자,카카오,성남 판교역,https://kr.indeed.com/viewjob?jk=d585814d097935eb
Data Scientist III,Amazon Web Services Korea LLC,서울,https://kr.indeed.com/viewjob?jk=67ca30c143379281
Healthcare Real World Data Analyst 담당자,IQVIA,서울,https://kr.indeed.com/viewjob?jk=a39853230d5ceca8
로봇 기반 Vision 서비스 개발 그룹 IT인프라 구축,그룹 IT인프라 구축,서울특별시,https://kr.indeed.com/viewjob?jk=6f3b8c137683ada9
분석 플랫폼 웹 프론트 엔지니어,Nexon,성남 분당구,https://kr.indeed.com/viewjob?jk=eeb027369cdab361
2020년 상반기 더케이교직원나라 각 부문,더케이교직원나라,서울 종로구,https://kr.indeed.com/viewjob?jk=62e6ba7dd5d7cd46
[개발]위메프오 서비스 서버개발자(정규직),위메프,대한민국,https://kr.indeed.com/viewjob?jk=5f3a399e83a81379
데이터분석팀 - 머신러닝 데이터 분석 (대리-과장급),라이나생명보험,서울 종로구,https://kr.indeed.com/viewjob?jk=c48f98bf59c5b8e4
랩오투원 신입/경력 개발자,유한책임회사랩오투원,부산,https://kr.indeed.com/viewjob?jk=750977c97eeed4d5
데이터 플랫폼 개발,NHN PAYCO,성남 판교역,https://kr.indeed.com/viewjob?jk=a65baa1929f29393
Associate Solutions Engineer (Full Time) - Korea,Cisco Systems,서울,https://kr.indeed.com/viewjob?jk=59b0ff5ce11a8952
AI 기반 로봇 서비스 개발 그룹 IT 인프라 구축,그룹 IT 인프라 구축,서울특별시,https://kr.indeed.com/viewjob?jk=d9086035792f01d0
데이터 엔지니어,리디,서울특별시,https://kr.indeed.com/viewjob?jk=acbc411113b81ae5
데이터연동개발팀 - 데이터엔지니어,Nexon,성남 분당구,https://kr.indeed.com/viewjob?jk=83afcd111984f51c
데이터분석 전문가 신입·경력·전문연구요원,베가스,서울 강남구,https://kr.indeed.com/viewjob?jk=8bda582040d41076
[전문연구요원] 상시,네이버,대한민국,https://kr.indeed.com/viewjob?jk=b79c2ae536063b01
[Search & Clova] Clova 체험형 인턴,네이버,대한민국,https://kr.indeed.com/viewjob?jk=b4b6ee0fd83b8ce1
[Search & Clova] Clova AI 인재,네이버,대한민국,https://kr.indeed.com/viewjob?jk=92bd400e3b5306ba
분석지원팀 - 데이터 분석가,Nexon,성남 분당구,https://kr.indeed.com/viewjob?jk=4233609a843b5e96
AI/빅데이터 분야 (인재 Pool),LG유플러스,서울,https://kr.indeed.com/viewjob?jk=fb617eeb80ea6fa9
"[데이터 분석 스타트업] UI/UX개발/고객행동분석 (Python, GA, Database)",온누리아이코리아,서울 금천구,https://kr.indeed.com/viewjob?jk=abeb2f106393ad76
소프트웨어 개발 지원,에스티앤아이,울산 중구,https://kr.indeed.com/viewjob?jk=af3289894364fa9d
(상시) 인공지능 플랫폼 전문가,에셋플러스자산운용,대한민국,https://kr.indeed.com/viewjob?jk=90d4b57f2e6a8484
Django/Python 웹 애플리케이션 구축/운영.,아이시큐어,서울 금천구,https://kr.indeed.com/viewjob?jk=9a7fded86539a87b
추천 시스템 연구/개발,카카오,성남 판교역,https://kr.indeed.com/viewjob?jk=be6c1f03fa566f8e
데이터 분석가,카카오,성남 판교역,https://kr.indeed.com/viewjob?jk=092d062a6faa7139
"소형, 제조혁신센터 경력",삼성SDI,대한민국,https://kr.indeed.com/viewjob?jk=89c6e7215f9d20b5
"[Search & Clova] Entity Linking, Keyword Extraction (NLP) 경력사원",네이버,대한민국,https://kr.indeed.com/viewjob?jk=b6f6a789b6e7a028
[신입/경력] Python 개발자 - 인천 청라,인피닉,인천 중구,https://kr.indeed.com/viewjob?jk=ce7fd95d9ce72a62
[개발]신사업 프론트 개발자(정규직),위메프,대한민국,https://kr.indeed.com/viewjob?jk=57aa1b90d7626f69
Image Processing Developer (SW Engineer),Applied Materials Inc.,경기도 화성,https://kr.indeed.com/viewjob?jk=3224a99522042aaa
Undergrad Intern - Computer Vision/Machine Learning,Intel,서울,https://kr.indeed.com/viewjob?jk=b2253ab4c8e59e33
Process & Data Scientist,Applied Materials Inc.,대한민국,https://kr.indeed.com/viewjob?jk=b87ff4aabad6e65e
머신러닝/딥러닝,NHN,성남 판교역,https://kr.indeed.com/viewjob?jk=cd8ee27085e6a2ff
광고팀 - 분석가,Nexon,성남 분당구,https://kr.indeed.com/viewjob?jk=3a08c7089343733d
[Search & Clova] NAVER Search 이미지 검색서버개발 신입/경력사원,네이버,대한민국,https://kr.indeed.com/viewjob?jk=a771637c0eeffc26
Undergrad Intern - Software Engineer,Intel,서울,https://kr.indeed.com/viewjob?jk=330072f3730ee5a9
Data Scientist,Boston Consulting Group,서울,https://kr.indeed.com/viewjob?jk=ce6747e77c861c46
Data Scientist,Valmet Inc.,서울,https://kr.indeed.com/viewjob?jk=e20355c9cc0e1ec6
추천 통계분석/데이터사이언티스트,카카오,성남 판교역,https://kr.indeed.com/viewjob?jk=bfe0f5ac4f32ec89
웹개발자와 펌웨어 엔지니어,후본,서울 양천구,https://kr.indeed.com/viewjob?jk=a7537cdbe2ad7857
[펜타시큐리티/아우토크립트] 응용 소프트웨어 개발자,펜타시큐리티시스템,서울 영등포구,https://kr.indeed.com/viewjob?jk=8c5a5af8499189e0
2020 Market Data Analyst - Seoul (Korean Speaker),Bloomberg,서울,https://kr.indeed.com/viewjob?jk=212ca67d161b7162
Data Scientist,Supercell,서울,https://kr.indeed.com/viewjob?jk=554c2e55cc985488
Physical Implementation Engineer,SiFive,대한민국,https://kr.indeed.com/viewjob?jk=55537575b7dd8d87
[동영상플랫폼] 연계형 인턴십,네이버,대한민국,https://kr.indeed.com/viewjob?jk=e65a195da656bcdc
[해외취업] 고급 IT 엔지니어,株式会社ASCOM,대한민국,https://kr.indeed.com/viewjob?jk=10ddf37c7b70f83b
기술 인턴 인공지능 응용 연구/개발 인턴,써로마인드로보틱스,서울 관악구,https://kr.indeed.com/viewjob?jk=71c47ac87bb4087e
[라프텔] 서버(백엔드) 개발자,RIDI Corp,서울,https://kr.indeed.com/viewjob?jk=5cfcd4772110d7de
[개발]웹 서비스 개발자(정규직),위메프,대한민국,https://kr.indeed.com/viewjob?jk=9bff6cc5a8f53e6e
카카오톡 보이스톡/페이스톡/라이브톡 개발자,카카오,성남 판교역,https://kr.indeed.com/viewjob?jk=d585814d097935eb
Data Scientist III,Amazon Web Services Korea LLC,서울,https://kr.indeed.com/viewjob?jk=67ca30c143379281
Healthcare Real World Data Analyst 담당자,IQVIA,서울,https://kr.indeed.com/viewjob?jk=a39853230d5ceca8
로봇 기반 Vision 서비스 개발 그룹 IT인프라 구축,그룹 IT인프라 구축,서울특별시,https://kr.indeed.com/viewjob?jk=6f3b8c137683ada9
분석 플랫폼 웹 프론트 엔지니어,Nexon,성남 분당구,https://kr.indeed.com/viewjob?jk=eeb027369cdab361
2020년 상반기 더케이교직원나라 각 부문,더케이교직원나라,서울 종로구,https://kr.indeed.com/viewjob?jk=62e6ba7dd5d7cd46
[개발]위메프오 서비스 서버개발자(정규직),위메프,대한민국,https://kr.indeed.com/viewjob?jk=5f3a399e83a81379
데이터분석팀 - 머신러닝 데이터 분석 (대리-과장급),라이나생명보험,서울 종로구,https://kr.indeed.com/viewjob?jk=c48f98bf59c5b8e4
랩오투원 신입/경력 개발자,유한책임회사랩오투원,부산,https://kr.indeed.com/viewjob?jk=750977c97eeed4d5
데이터 플랫폼 개발,NHN PAYCO,성남 판교역,https://kr.indeed.com/viewjob?jk=a65baa1929f29393
Associate Solutions Engineer (Full Time) - Korea,Cisco Systems,서울,https://kr.indeed.com/viewjob?jk=59b0ff5ce11a8952
AI 기반 로봇 서비스 개발 그룹 IT 인프라 구축,그룹 IT 인프라 구축,서울특별시,https://kr.indeed.com/viewjob?jk=d9086035792f01d0
데이터 엔지니어,리디,서울특별시,https://kr.indeed.com/viewjob?jk=acbc411113b81ae5
데이터연동개발팀 - 데이터엔지니어,Nexon,성남 분당구,https://kr.indeed.com/viewjob?jk=83afcd111984f51c
데이터분석 전문가 신입·경력·전문연구요원,베가스,서울 강남구,https://kr.indeed.com/viewjob?jk=8bda582040d41076
